Confusion Matrix:

     A	 B   C   D   E   F   G   H   I   J   K   L   M   N   O   P   Q   R   S   T   U   V   W   X   Y   Z  
 A[[143  0   0   0   0   0   0   0   0  12   0   0   0   0   0   0   0   0   0   0   0   0   0   0  25   0]
 B[  0 180   0   0   0   0   0   0   0   0   0   0   0   0   0   0   0   0   0   0   0   0   0   0   0   0]
 C[  0   0 183   0   0   0   0   0   0   0   0   0   0   0   1   0   0   0   0   0   0   0   0   0   0   1]
 D[  0   0   0 178   0   0   0   0   0   0   2   0   0   0   0   0   0   0   0   0   0   0   0   0   0   0]
 E[  0   0   0   0 176   0   0   0   0   0   0   0   2   0   0   0   0   0   2   0   0   0   0   0   0   0]
 F[  0   0   0   0   0 180   0   0   0   0   0   0   0   0   0   0   0   0   0   0   0   0   0   0   0   0]
 G[  0   0   0   2   0   0 171   0   0   0   0   0   0   0   0   3   0   0   0   0   0   0   1   0   0   3]
 H[  0   0   0   0   0   0   0 180   0   0   0   0   0   0   0   0   0   0   0   0   0   0   0   0   0   0]
 I[  0   0   0   0   0   0   0   0 180   0   0   0   0   0   0   0   0   0   0   0   0   0   0   0   0   0]
 J[  0   0   0   0   0   0   0   0   0 180   0   0   0   0   0   0   0   0   0   0   0   0   0   0   0   0]
 K[  0   0   0   0   0   0   0   0   0   0 179   0   0   0   0   0   0   0   0   0   0   1   0   0   0   0]
 L[  0   0   0   0   0   0   0   0   0   0   0 180   0   0   0   0   0   0   0   0   0   0   0   0   0   0]
 M[  0   0   0   0   0   0   0   0   0   0   0   0 179   0   0   0   0   0   1   0   0   0   0   0   0   0]
 N[  0   0   0   0   0   0   0   0   0   0   0   0   0 180   0   0   0   0   0   0   0   0   0   0   0   0]
 O[  0   0   0   0   0   0   0   0   0   0   0   0   0   0 180   0   0   0   0   0   0   0   0   0   0   0]
 P[  0   0   0   0   0   0   0   0   0   0   0   0   0   0   0 163  12   0   0   0   0   0   0   0   5   0]
 Q[  0   0   0   0   0   0   0   0   0   0   0   0   0   0   0   0 178   0   0   0   0   0   0   0   0   0]
 R[  0   0   0   0   0   0   0   0   0   0   0   0   0   0   0   0   0 177   0   0   1   0   0   0   0   0]
 S[  0   0   0   0   0   0   0   0   0   0   0   0   0   0   0   0   0   0 180   0   0   0   0   0   0   0]
 T[  0   0   0   0   0   0   0   0   0   0   0   0   0   0   0   0   0   0   0 180   0   0   0   0   0   0]
 U[  0   0   0   0   0   0   0   0   0   0   0   0   0   0   0   0   0   2   0   0 176   2   0   0   0   0]
 V[  0   0   0   0   0   0   0   0   0   0   2   0   0   0   0   0   0   0   0   0   0 176   2   0   0   0]
 W[  0   2   0   0   0   0   0   0   0   0   0   0   0   0   0   0   0   0   0   0   0   2 176   0   0   0]
 X[  0   0   0   1   0   0   0   0   0   0   0   0   0   0   0   0   0   0   0   0   0   0   0 179   0   0]
 Y[  0   0   0   0   0   0   0   0   0   0   0   0   0   0   0   0   0   0   0   0   0   0   0   0 180   0]
 Z[  0   0   0   0   0   0   0   0   0   0   0   0   0   0   0   0   0   0   0   0   0   0   0   0   0 180]]


Classification Report:
              precision    recall  f1-score   support

           A       1.00      0.79      0.89       180
           B       0.99      1.00      0.99       180
           C       1.00      0.99      0.99       185
           D       0.98      0.99      0.99       180
           E       1.00      0.98      0.99       180
           F       1.00      1.00      1.00       180
           G       1.00      0.95      0.97       180
           H       1.00      1.00      1.00       180
           I       1.00      1.00      1.00       180
           J       0.94      1.00      0.97       180
           K       0.98      0.99      0.99       180
           L       1.00      1.00      1.00       180
           M       0.99      0.99      0.99       180
           N       1.00      1.00      1.00       180
           O       0.99      1.00      1.00       180
           P       0.98      0.91      0.94       180
           Q       0.94      1.00      0.97       178
           R       0.99      0.99      0.99       178
           S       0.98      1.00      0.99       180
           T       1.00      1.00      1.00       180
           U       0.99      0.98      0.99       180
           V       0.97      0.98      0.98       180
           W       0.98      0.98      0.98       180
           X       1.00      0.99      1.00       180
           Y       0.86      1.00      0.92       180
           Z       0.98      1.00      0.99       180

    accuracy                           0.98      4681
   macro avg       0.98      0.98      0.98      4681
weighted avg       0.98      0.98      0.98      4681
